#Taken from https://cds.cern.ch/record/1704291/files/3295c4a11790129b284356ea8fc53bbb.pdf Figure 15
pT (GeV)	d0 res (micrometres)
0.20106432043926772 692.8144969273097
0.3019493597287285 515.3262462402457
0.4588832142185747 324.76418065272173
0.6722581284292791 233.1359536460369
0.9968628136096487 154.0496331302953
1.4964262153075742 98.23990136083641
2.2473369603445557 73.94258028336775
3.3332202769931913 53.08058892075089
5.006315935280047 41.39678187106135
7.42695104418886 32.28475011531565
11.154877347802534 25.178408632217938
16.552644139216838 21.586897598007283
24.558454805005624 17.443966509960322
36.898345988137784 15.49641942549182
54.76362413948084 14.264010348413288
82.2963824875367 13.604296622576195
150.70072086915116 13.604296622576195
