#Taken from https://cds.cern.ch/record/1704291/files/3295c4a11790129b284356ea8fc53bbb.pdf Figure 15
pT (GeV)	phi res (10^-3 radians)
0.19928070027227526 11.48577826272347
0.29918225338310084 7.835775711996132
0.45473042273980774 4.950944489918593
0.6660846290809157 3.2752212396887184
0.9877622090835583 2.234314917045052
1.5013107289081735 1.5479268933017358
2.2263507328691667 1.0559763433043612
3.342444241569055 0.8271337797655095
4.956637585747078 0.5999929778578652
7.350386238577155 0.40930769631840763
11.03521372159487 0.35153735400423425
16.772543638206344 0.23258277083505136
24.872642353097273 0.1766639555165116
36.884586558228634 0.14489443088949533
54.69755509920911 0.11524500295693206
82.11802631548856 0.09308442177902426
151.99110829529363 0.08123969251028475
