#Taken from https://cds.cern.ch/record/1704291/files/3295c4a11790129b284356ea8fc53bbb.pdf Figure 15
pT (GeV)	cos(theta) res (10^-3)
0.20055356077375552 9.125247412908987
0.2938228905614857 5.814682339603506
0.44100594541767413 4.265494820719444
0.6621403453060384 2.756556969794428
1.0061402238232917 1.9938578366484285
1.5101971249589503 1.442186436314001
2.2387736860343823 1.1036044821872584
3.318967946104734 0.8327014034680217
4.980771703858984 0.6462455320317312
7.4732354392678495 0.5381295615077615
11.211286569277862 0.4740683684506137
16.615045275354966 0.4060342707443909
24.612282191150417 0.41179294238496433
36.469744581583434 0.3731345323723429
55.379318179577986 0.3477638247785856
84.07772227187891 0.3477638247785856
149.74899429392136 0.34290056106218636
