#Taken from https://cds.cern.ch/record/1704291/files/3295c4a11790129b284356ea8fc53bbb.pdf Figure 15
pT (GeV)	z0 res (micrometres)
0.19923743895772758 2113.1826081265554
0.29926577954587 1755.2237781981376
0.4442608405020569 1183.1719332442078
0.6676565784014866 806.8652422768906
1.0033864478782877 550.2425310321934
1.4895298331777942 370.9108361458487
2.238190017549444 268.04739251928163
3.321671645731834 200.57047476863175
4.928736767825162 160.89743414185438
7.40392724586348 129.07176065318438
11.12352770891187 98.84670948355162
16.49703689409398 95.46603085723048
24.47318991664173 83.06067688841303
36.75098036203074 75.6995327737059
55.17635242989944 74.82649724123094
80.81174932591988 78.38023281090852
149.56406045652258 80.21989992667561
